0.
26.00000
64.89689
116.5302
183.2754
265.5079
362.6031
474.9367
601.8839
743.8204
901.1213
1075.163
1265.319
1472.967
1697.481
1931.237
2181.611
2448.977
2733.712
3036.191
3356.789
3695.881
4053.843
4431.052
4827.881
5244.708
5681.906
6139.853
6618.919
7119.486
7641.927
8186.618
8753.932
9344.248
9957.938
10595.38
11256.95
11943.02
12653.97
13390.17
14152.0
14939.83
15754.04
16595.01
17463.11
18358.72
19282.2
20233.94
21214.32
22223.7
23261.54
24307.69
25353.85
26400.
27446.15
28492.31
29538.46
30584.62
31630.77
32676.92
33723.08
34769.23
35815.38
36861.54
37907.7
38953.84
40000.0
